1.3768210043061389;-0.2500627258649077;-0.7707640464695728;0.4482468234182278;-0.0165750212897810;-0.0593686537866533;-0.5221123789641162;-0.0932721293468003;0.6213120749273069;1.3186033905193915;-0.2500627258649077;2.4173902010913539;-0.4066406531198779;-0.2493362068114783;0.3053305819311424;-0.5310611762300754;0.3291722607170783;-0.0845018343945619;0.3322856322237612;-0.3264508417360974;-0.7707640464695728;-0.4066406531198779;1.4779985993022491;-0.4546183574668802;-0.2805848063245264;0.6536786634159012;0.3294508842137202;0.2776177077535307;-0.0194637004299813;-0.3210092636087302;0.4482468234182278;-0.2493362068114783;-0.4546183574668802;2.2418488547989974;0.9774216007184404;0.3654576796499687;0.1563245115404719;-0.5248940376250868;1.3991789182656018;1.3818880054750990;-0.0165750212897810;0.3053305819311424;-0.2805848063245264;0.9774216007184404;2.0130880761640659;-0.2130665048381484;-0.6712741840177527;0.0934252709625644;1.3796770314793825;-0.5760164246253415;-0.0593686537866533;-0.5310611762300754;0.6536786634159012;0.3654576796499687;-0.2130665048381484;1.6687275701901498;0.7772140233889823;-0.3123244309029717;-0.0262839340769642;0.7830440925389959;-0.5221123789641162;0.3291722607170783;0.3294508842137202;0.1563245115404719;-0.6712741840177527;0.7772140233889823;1.8836309173792674;0.0192211002339134;-0.4793207714903107;0.8491431743078237;-0.0932721293468003;-0.0845018343945619;0.2776177077535307;-0.5248940376250868;0.0934252709625644;-0.3123244309029717;0.0192211002339134;1.6732148796765087;-0.2002285622376128;-0.7755383174839763;0.6213120749273069;0.3322856322237612;-0.0194637004299813;1.3991789182656018;1.3796770314793825;-0.0262839340769642;-0.4793207714903107;-0.2002285622376128;2.5832384377283257;1.2897511660998906;1.3186033905193915;-0.3264508417360974;-0.3210092636087302;1.3818880054750990;-0.5760164246253415;0.7830440925389959;0.8491431743078237;-0.7755383174839763;1.2897511660998906;4.1414961048603338;
1.9142204253745374;-0.0465481837209401;-0.0536473257352256;-0.0180056213083256;-1.0472760633856091;-1.1328145648970742;0.5324295380799141;-0.6613498077497306;-0.9442804849513295;0.4684527270836974;-0.0465481837209401;2.2612411405458834;0.3857349582550778;0.5384043628113722;-0.1998596457048605;0.2685941181815014;-0.5022087117217542;0.8768738691478694;0.3642603921150924;0.8068285640098010;-0.0536473257352256;0.3857349582550778;0.6715950222701195;0.1429560162944489;-0.5502060755632640;0.6213154098732497;-0.5954044466381030;0.0039831539587503;0.6793982345595142;-0.1902644482395132;-0.0180056213083256;0.5384043628113722;0.1429560162944489;0.8298909052118157;0.1947817753537889;0.1764790074073114;0.1519246343412922;0.6401150355790011;-0.7430484225311115;0.0307762045750347;-1.0472760633856091;-0.1998596457048605;-0.5502060755632640;0.1947817753537889;2.6623594271911539;0.2884155374739799;0.7692069765781235;0.7019953757088059;-0.0089622079313872;-0.5242367707651006;-1.1328145648970742;0.2685941181815014;0.6213154098732497;0.1764790074073114;0.2884155374739799;2.0108614255764752;-1.1779429688449361;0.4426143042152210;1.0588916678148432;-0.5048494828613918;0.5324295380799141;-0.5022087117217542;-0.5954044466381030;0.1519246343412922;0.7692069765781235;-1.1779429688449361;1.2279278678299221;-0.0370069658807075;-1.1071526927153112;-0.0894703133152545;-0.6613498077497306;0.8768738691478694;0.0039831539587503;0.6401150355790011;0.7019953757088059;0.4426143042152210;-0.0370069658807075;1.3485660904205097;-0.5250679002901354;0.6289874181065226;-0.9442804849513295;0.3642603921150924;0.6793982345595142;-0.7430484225311115;-0.0089622079313872;1.0588916678148432;-1.1071526927153112;-0.5250679002901354;3.0078145782743970;-0.8759000803709180;0.4684527270836974;0.8068285640098010;-0.1902644482395132;0.0307762045750347;-0.5242367707651006;-0.5048494828613918;-0.0894703133152545;0.6289874181065226;-0.8759000803709180;1.8154284336095223;
0.9337009133277787;-0.9554565983248939;-0.7018641981536937;0.2817400380263374;0.9368648311082027;0.2386349009675799;0.3695904396106515;0.0197714714214164;-0.3051595495290848;0.2161511144393119;-0.9554565983248939;4.0657022513801531;0.9364719259951250;0.1070720134396574;-1.9703509585420391;-1.7652212254338473;-0.1134109508868277;-0.0437008402856883;0.2383421297743830;-0.3522598028113820;-0.7018641981536937;0.9364719259951250;1.8665975655965534;-0.4222283296686373;-1.2471115149252336;0.8430225789619934;0.1804862520079096;-0.7043657249951926;0.1490727897768800;-1.0221469803916539;0.2817400380263374;0.1070720134396574;-0.4222283296686373;2.6129914764704645;-0.4144964099739822;-0.8145597649722687;-1.1361441992908543;-0.3478661550135079;0.2491622649799200;1.2943309086719903;0.9368648311082027;-1.9703509585420391;-1.2471115149252336;-0.4144964099739822;2.1220003355280594;0.7818587414674815;1.1777961636058858;0.3543856416769993;-0.7833503780822885;0.2421212117414561;0.2386349009675799;-1.7652212254338473;0.8430225789619934;-0.8145597649722687;0.7818587414674815;3.0345588487526265;1.2207915461793550;-0.6000821387195151;-0.5777050075632778;-0.9016545060077752;0.3695904396106515;-0.1134109508868277;0.1804862520079096;-1.1361441992908543;1.1777961636058858;1.2207915461793550;2.6754107906230189;-0.5109829459567951;-0.8474664695302634;-1.6748610232606873;0.0197714714214164;-0.0437008402856883;-0.7043657249951926;-0.3478661550135079;0.3543856416769993;-0.6000821387195151;-0.5109829459567951;0.9613229289010591;-0.0538933298708803;0.4977855942362689;-0.3051595495290848;0.2383421297743830;0.1490727897768800;0.2491622649799200;-0.7833503780822885;-0.5777050075632778;-0.8474664695302634;-0.0538933298708803;0.7886228083025043;-0.1389914958681631;0.2161511144393119;-0.3522598028113820;-1.0221469803916539;1.2943309086719903;0.2421212117414561;-0.9016545060077752;-1.6748610232606873;0.4977855942362689;-0.1389914958681631;2.8782700560498635;
3.7291359164682092;0.3983987580092967;0.3807711295613269;-0.0720924744207822;0.5456942396008625;1.0680461840407491;-0.7426590744053415;0.6247098912670394;-1.5572720898162533;-0.2495901318585580;0.3983987580092967;1.3860436100566891;1.2127196171902324;-0.4403401045567166;1.3167409566791630;-0.0193508208882611;-1.0736670059842381;0.0262260096545851;0.1564277723444370;0.5136196225139794;0.3807711295613269;1.2127196171902324;1.8204374623508210;-0.3922486889291155;0.8522246563258143;0.7851583465398244;-0.1204337290336130;0.5297076247966553;-0.2621507726258108;0.0445882053611402;-0.0720924744207822;-0.4403401045567166;-0.3922486889291155;1.7384782198522721;-0.7442249541815985;-0.9388297467933804;0.1681484841724262;1.0276077819562655;-0.1955690916027389;-0.6247724428868401;0.5456942396008625;1.3167409566791630;0.8522246563258143;-0.7442249541815985;1.8643442207067258;0.5313942394443546;-0.7680706333306934;-0.3850482509049152;-0.4411250960018961;0.8913659914821436;1.0680461840407491;-0.0193508208882611;0.7851583465398244;-0.9388297467933804;0.5313942394443546;3.8220859171958108;2.3444846530156096;0.0779460360774147;-1.8106410933195971;-0.2683628611062167;-0.7426590744053415;-1.0736670059842381;-0.1204337290336130;0.1681484841724262;-0.7680706333306934;2.3444846530156096;3.6962422665289183;0.0384189570047120;-0.7349987718746442;-0.4088175219584390;0.6247098912670394;0.0262260096545851;0.5297076247966553;1.0276077819562655;-0.3850482509049152;0.0779460360774147;0.0384189570047120;1.4818885710733787;-0.6417890188856189;-0.7844324932154237;-1.5572720898162533;0.1564277723444370;-0.2621507726258108;-0.1955690916027389;-0.4411250960018961;-1.8106410933195971;-0.7349987718746442;-0.6417890188856189;2.9937906898073772;-0.0338069580909449;-0.2495901318585580;0.5136196225139794;0.0445882053611402;-0.6247724428868401;0.8913659914821436;-0.2683628611062167;-0.4088175219584390;-0.7844324932154237;-0.0338069580909449;1.0649981014032044;
1.8326834089097583;1.1549064802396360;0.7471747406474055;-0.7576454237166949;-0.1560161095080017;0.5855315187200756;0.1519947600336864;0.6725860778396034;0.5085795578722793;0.0236190020574715;1.1549064802396360;2.1452204492477316;1.0098564565707451;-0.9988043472141982;0.0788352763930443;-0.1182879533437998;0.5917440736247656;0.4865514666428536;0.3135004144778489;0.6318271842176250;0.7471747406474055;1.0098564565707451;2.2527576005371244;-0.6957160043172171;-1.1522593305733915;0.3746205926574076;0.6678479447918134;0.0954324828946073;0.4875394026641772;1.2427762084364062;-0.7576454237166949;-0.9988043472141982;-0.6957160043172171;1.5939090600258756;-0.3790548564389704;-0.3557911340018919;-0.2707217068879864;-1.1612772098290285;0.1003995869894167;-0.6379959832262594;-0.1560161095080017;0.0788352763930443;-1.1522593305733915;-0.3790548564389704;3.1089155705267717;0.0924947076543337;-1.4236986380402203;0.8917366376248277;-1.4562266590681678;-1.0146063811179875;0.5855315187200756;-0.1182879533437998;0.3746205926574076;-0.3557911340018919;0.0924947076543337;2.1689936450049934;0.3689769181829318;0.7841685853868546;0.5137394469514716;0.7527370877931594;0.1519947600336864;0.5917440736247656;0.6678479447918134;-0.2707217068879864;-1.4236986380402203;0.3689769181829318;3.4261864415653975;0.9164308937984249;0.6034749702140351;0.9696123032297393;0.6725860778396034;0.4865514666428536;0.0954324828946073;-1.1612772098290285;0.8917366376248277;0.7841685853868546;0.9164308937984249;2.4100831237540987;-0.4815470264755603;0.2545152743018119;0.5085795578722793;0.3135004144778489;0.4875394026641772;0.1003995869894167;-1.4562266590681678;0.5137394469514716;0.6034749702140351;-0.4815470264755603;1.3457247617081594;0.4215173965349837;0.0236190020574715;0.6318271842176250;1.2427762084364062;-0.6379959832262594;-1.0146063811179875;0.7527370877931594;0.9696123032297393;0.2545152743018119;0.4215173965349837;2.1836918709279303;
2.7474761660828455;0.2791821143493166;-0.2418895822394215;0.7644407038431075;0.3732738925267460;-0.5317579788999776;-1.4165919325573961;-0.1378059326248473;0.4189602001179970;-0.6678024985999254;0.2791821143493166;1.4815058609831031;-0.9950039133468007;-0.6306050637218319;-0.1011341300291415;0.7535649017163941;0.5036824592527351;-0.2810827576749813;0.1937671790003285;-0.1877444503291587;-0.2418895822394215;-0.9950039133468007;2.1597881352322887;0.2099398134124274;1.1568302337091554;-0.4322982278214425;-1.2452785336723375;-0.8279363809993217;-0.3102160434751561;-1.1042263268439394;0.7644407038431075;-0.6306050637218319;0.2099398134124274;4.1918774766246205;-0.4602252795527518;0.0512126197834820;-0.6937421549693785;0.1388507196839852;1.3000918151273353;0.2730035065039318;0.3732738925267460;-0.1011341300291415;1.1568302337091554;-0.4602252795527518;3.0663922812260398;0.0019898627411296;-0.1026668031550372;-0.0794991230903325;0.3098106986900696;-0.8397636674881446;-0.5317579788999776;0.7535649017163941;-0.4322982278214425;0.0512126197834820;0.0019898627411296;2.7044061687521563;1.1281474402656366;-0.5128257132360727;0.5810442060345592;-0.2774303208827807;-1.4165919325573961;0.5036824592527351;-1.2452785336723375;-0.6937421549693785;-0.1026668031550372;1.1281474402656366;2.7018039739191329;0.6549774359818188;0.2462060301538084;1.6479044088976393;-0.1378059326248473;-0.2810827576749813;-0.8279363809993217;0.1388507196839852;-0.0794991230903325;-0.5128257132360727;0.6549774359818188;3.5066025891433386;-0.0872542119084084;2.4013708610189752;0.4189602001179970;0.1937671790003285;-0.3102160434751561;1.3000918151273353;0.3098106986900696;0.5810442060345592;0.2462060301538084;-0.0872542119084084;1.7313615565708920;1.2331430114713593;-0.6678024985999254;-0.1877444503291587;-1.1042263268439394;0.2730035065039318;-0.8397636674881446;-0.2774303208827807;1.6479044088976393;2.4013708610189752;1.2331430114713593;4.5758652970440146;
1.5075208461049743;-0.3473444909617557;-0.0423621137003419;0.2398247733468059;-0.1847549370712765;-0.0592628632203773;-0.7707640557528767;0.1388975842462987;-0.8368804331537779;-0.1832084029489320;-0.3473444909617557;1.8607601032512349;0.7134965973438937;0.2939397477362832;1.2209297933342516;-0.1065177905748089;0.6629413460594175;0.0793090683043691;0.4966043555149495;-0.1339750078215474;-0.0423621137003419;0.7134965973438937;3.2171271946213507;1.5695126060486910;1.7676844597549766;-0.2787463481557282;-0.7335002441192192;-0.2106561288688926;1.2223623579091429;-0.4060556547136305;0.2398247733468059;0.2939397477362832;1.5695126060486910;2.1637486912900994;0.9818933131768361;-0.1792385913757905;-1.0746455375394404;-0.3009581867168768;0.6505610774335606;0.6706076015493081;-0.1847549370712765;1.2209297933342516;1.7676844597549766;0.9818933131768361;1.9176008864324654;-0.3425211156580043;-0.4083477438223534;-0.0642707702746068;0.8841573242905288;-0.5799254575977014;-0.0592628632203773;-0.1065177905748089;-0.2787463481557282;-0.1792385913757905;-0.3425211156580043;1.0353929375831472;0.1481714503956407;-0.3088643016587178;-0.0703688236153847;-0.3570483120374077;-0.7707640557528767;0.6629413460594175;-0.7335002441192192;-1.0746455375394404;-0.4083477438223534;0.1481714503956407;2.1685006008148373;-0.1151247235815548;0.3287934705138404;0.2408335484055593;0.1388975842462987;0.0793090683043691;-0.2106561288688926;-0.3009581867168768;-0.0642707702746068;-0.3088643016587178;-0.1151247235815548;0.9861403614941402;0.3212839517840846;-0.7829256051744860;-0.8368804331537779;0.4966043555149495;1.2223623579091429;0.6505610774335606;0.8841573242905288;-0.0703688236153847;0.3287934705138404;0.3212839517840846;2.8451399321589723;-0.6711915503049528;-0.1832084029489320;-0.1339750078215474;-0.4060556547136305;0.6706076015493081;-0.5799254575977014;-0.3570483120374077;0.2408335484055593;-0.7829256051744860;-0.6711915503049528;2.3417446316722139;
2.1114540116373046;-0.8884615997942847;0.3169894641560700;0.2861813849964666;0.5162724295772267;0.9166882821335065;-0.2620167885769986;-0.7583211169099437;-0.7164209233080309;0.8921673694779665;-0.8884615997942847;1.9961693259678148;-0.7263390869161613;0.3936089353968320;-0.0957166716225957;0.0752039441907949;0.0640896372751933;0.3260127579970373;1.1906324688494516;-0.9426464236803020;0.3169894641560700;-0.7263390869161613;1.9441826723194555;0.1986829189034554;-0.5675669505993826;0.4215761061590152;-0.5112007308655525;0.0366824734779644;-0.4438050089294356;0.5266626421175420;0.2861813849964666;0.3936089353968320;0.1986829189034554;1.1363496918643126;0.4617496300276725;0.7188560631663178;-0.1333907718784537;-0.7951488076567746;-0.1841514501648012;0.4127107873515899;0.5162724295772267;-0.0957166716225957;-0.5675669505993826;0.4617496300276725;1.9013456253336904;0.9237495710929263;-0.2684814278428564;-0.8882419627154600;0.2289784618203423;0.0947213061055834;0.9166882821335065;0.0752039441907949;0.4215761061590152;0.7188560631663178;0.9237495710929263;1.8839267686936922;-0.2773812425558882;-0.5059272577444768;0.4566087597737589;0.3971911155525020;-0.2620167885769986;0.0640896372751933;-0.5112007308655525;-0.1333907718784537;-0.2684814278428564;-0.2773812425558882;2.0924908980384536;-0.8892924554093898;-0.3757000475274014;-0.0587082186056558;-0.7583211169099437;0.3260127579970373;0.0366824734779644;-0.7951488076567746;-0.8882419627154600;-0.5059272577444768;-0.8892924554093898;2.5455746017469174;0.6202233450639724;-0.8643694003886596;-0.7164209233080309;1.1906324688494516;-0.4438050089294356;-0.1841514501648012;0.2289784618203423;0.4566087597737589;-0.3757000475274014;0.6202233450639724;3.9607249529002524;-0.5812741373957246;0.8921673694779665;-0.9426464236803020;0.5266626421175420;0.4127107873515899;0.0947213061055834;0.3971911155525020;-0.0587082186056558;-0.8643694003886596;-0.5812741373957246;1.7045121677389585;
3.2585757173973278;-0.5073359308768551;-0.3557548445908176;0.1112397803296733;1.1686475328499657;-0.0347223732313240;0.0081406148295326;-0.0336709754611036;-0.8534720473587132;0.2982232957475693;-0.5073359308768551;1.9246629916378986;0.2042816185273518;0.0585100510197547;-0.3881182433124562;0.8090650746085118;-0.6063482745626296;-0.4067317551711710;0.5515084403128721;0.8015678492024275;-0.3557548445908176;0.2042816185273518;1.2194253018711563;0.1020971406535649;0.0068800522754667;0.5640285947063077;-0.4446648348563592;0.1363582473450320;-0.4795359941612852;-0.1524542809199831;0.1112397803296733;0.0585100510197547;0.1020971406535649;1.5906291005599098;-0.6753830792479649;0.1254291658463279;-0.1341074330591536;-0.3222473832881138;-0.6912005345072479;0.2531681891755788;1.1686475328499657;-0.3881182433124562;0.0068800522754667;-0.6753830792479649;2.0632297061823457;-0.3300075259391698;-0.3835045809748370;0.8565669394435961;-0.7568312633850827;0.6868823433310602;-0.0347223732313240;0.8090650746085118;0.5640285947063077;0.1254291658463279;-0.3300075259391698;1.2562837741851283;-1.0967390950290192;0.1612924011539082;-0.3912729462789366;0.1661377716671923;0.0081406148295326;-0.6063482745626296;-0.4446648348563592;-0.1341074330591536;-0.3835045809748370;-1.0967390950290192;2.5474413900112873;-0.6425453289435457;0.2960422615257614;-0.4904791373991734;-0.0336709754611036;-0.4067317551711710;0.1363582473450320;-0.3222473832881138;0.8565669394435961;0.1612924011539082;-0.6425453289435457;1.5844313017852034;-0.4212191417590471;0.1203206003318272;-0.8534720473587132;0.5515084403128721;-0.4795359941612852;-0.6912005345072479;-0.7568312633850827;-0.3912729462789366;0.2960422615257614;-0.4212191417590471;1.9833310434298490;-0.5363515577159191;0.2982232957475693;0.8015678492024275;-0.1524542809199831;0.2531681891755788;0.6868823433310602;0.1661377716671923;-0.4904791373991734;0.1203206003318272;-0.5363515577159191;1.7526035729571767;
4.1212035104836300;0.3456366672447888;-1.0722433947544470;-0.3482743534341579;0.5211301580700590;1.3370513984672416;-0.5421596698746827;-1.3398901081434986;0.2044416281248566;-0.3147081441051430;0.3456366672447888;2.2042022435483228;-1.0090450487451310;0.2839975269819806;-1.5633998527309223;-0.4300110066437254;0.2038947216032633;1.0851207687562290;-0.3938297964420634;0.2585014734168745;-1.0722433947544470;-1.0090450487451310;2.6237018254988271;-1.5330259224989042;0.3260822816589419;-0.9909442774530098;0.2588241660255696;0.1503774642169484;-0.8271675476424957;0.3181971496528416;-0.3482743534341579;0.2839975269819806;-1.5330259224989042;2.2312660911887958;0.3644727377316978;-0.0952248602788626;-0.6698429706336152;0.0692556898997199;0.2845340702304830;-0.1553533180145228;0.5211301580700590;-1.5633998527309223;0.3260822816589419;0.3644727377316978;2.4521794751770312;0.6408099090930149;-0.7194705569149551;-1.2011900082734748;0.0907136634741070;-0.3994339899562147;1.3370513984672416;-0.4300110066437254;-0.9909442774530098;-0.0952248602788626;0.6408099090930149;2.5790945640530705;-0.3113576140497396;-0.6310810558093092;0.8097926995265347;-1.2325941680264947;-0.5421596698746827;0.2038947216032633;0.2588241660255696;-0.6698429706336152;-0.7194705569149551;-0.3113576140497396;1.2052973794165804;0.8309424722224436;0.1232540545460953;-0.1707388372959835;-1.3398901081434986;1.0851207687562290;0.1503774642169484;0.0692556898997199;-1.2011900082734748;-0.6310810558093092;0.8309424722224436;3.1534235469433329;-0.4460007551635156;0.3629441522813834;0.2044416281248566;-0.3938297964420634;-0.8271675476424957;0.2845340702304830;0.0907136634741070;0.8097926995265347;0.1232540545460953;-0.4460007551635156;0.8856540747791480;-0.6081438092516163;-0.3147081441051430;0.2585014734168745;0.3181971496528416;-0.1553533180145228;-0.3994339899562147;-1.2325941680264947;-0.1707388372959835;0.3629441522813834;-0.6081438092516163;2.3685539531608564;
2.9897698872026073;-0.1469782236200569;0.6547468643389264;-0.7696641243727781;-0.9425518952812796;0.0228021102889496;0.3667971970117996;1.8229437075301191;-0.7205775669306009;0.3706100219841919;-0.1469782236200569;1.9465787550895761;-0.6121579004441862;-1.2692239565744934;-0.7844000821807297;0.4262006628038690;0.7512221173442357;-1.0721226453346442;-0.4469348342027875;-0.4152194851016469;0.6547468643389264;-0.6121579004441862;1.1183753638872154;0.4342926679558654;0.7123176306359966;-0.4871632915973760;-0.5900815131363657;1.2053240253948561;-0.1583643201499053;-0.2202094990294264;-0.7696641243727781;-1.2692239565744934;0.4342926679558654;3.1462681657822289;0.5282552122290658;-0.3595223820015573;-1.1072627118734795;0.7742342614827836;0.1893586393921653;-0.0704498634683433;-0.9425518952812796;-0.7844000821807297;0.7123176306359966;0.5282552122290658;2.2983200573708205;0.0002702210081609;-1.3514790225011999;0.1760283344490170;0.8759841326995405;-0.0580710762526023;0.0228021102889496;0.4262006628038690;-0.4871632915973760;-0.3595223820015573;0.0002702210081609;1.9547889873579374;0.4168594879543400;-0.0159174340930218;-0.2914615880344381;0.6369560621815261;0.3667971970117996;0.7512221173442357;-0.5900815131363657;-1.1072627118734795;-1.3514790225011999;0.4168594879543400;2.0225118651508640;-0.5176752654821387;-0.7666302906056707;0.0386585141885992;1.8229437075301191;-1.0721226453346442;1.2053240253948561;0.7742342614827836;0.1760283344490170;-0.0159174340930218;-0.5176752654821387;2.7115105012417424;-0.1836128894168259;0.0766004356647073;-0.7205775669306009;-0.4469348342027875;-0.1583643201499053;0.1893586393921653;0.8759841326995405;-0.2914615880344381;-0.7666302906056707;-0.1836128894168259;1.9884331138686799;-0.2199783987062862;0.3706100219841919;-0.4152194851016469;-0.2202094990294264;-0.0704498634683433;-0.0580710762526023;0.6369560621815261;0.0386585141885992;0.0766004356647073;-0.2199783987062862;0.6386876486508731;
1.7516745735778825;0.2897173887190059;0.1458487207762902;-0.1158029596375075;0.0414828438535383;0.8774215975350631;0.0352081523602174;0.3248071368287048;-0.3792143692431482;-0.1931238460023727;0.2897173887190059;2.0465477781299257;0.4389498830386488;0.1662165665337496;0.9394118470330702;1.7288035378733888;-0.4577304101960600;0.1717846283205027;0.2094413279454499;0.3612221922120479;0.1458487207762902;0.4389498830386488;1.5521779937454145;-0.1775209457477153;0.6408650492776937;0.5616581656474743;0.8392873260098093;0.5222693849911294;-0.3504185868909285;-0.1446655411472650;-0.1158029596375075;0.1662165665337496;-0.1775209457477153;2.0898235627587853;0.3876153284190669;0.9435195216821685;0.3998993926977062;0.3575631263584817;1.2217450640002698;0.0469922875079496;0.0414828438535383;0.9394118470330702;0.6408650492776937;0.3876153284190669;1.5428667769161259;1.0861367964352797;-0.0093267548355827;0.4690382781953694;0.3961333912210654;0.7922548753102231;0.8774215975350631;1.7288035378733888;0.5616581656474743;0.9435195216821685;1.0861367964352797;3.0898073984309349;-0.5364256099368826;0.5076917662757320;0.5266164558279495;0.9161095299836258;0.0352081523602174;-0.4577304101960600;0.8392873260098093;0.3998993926977062;-0.0093267548355827;-0.5364256099368826;2.9673724527505785;-0.1490859871008582;0.0629098251075417;-0.1782112319881992;0.3248071368287048;0.1717846283205027;0.5222693849911294;0.3575631263584817;0.4690382781953694;0.5076917662757320;-0.1490859871008582;2.3515258052508843;-0.6208402704727987;-0.9212174334658179;-0.3792143692431482;0.2094413279454499;-0.3504185868909285;1.2217450640002698;0.3961333912210654;0.5266164558279495;0.0629098251075417;-0.6208402704727987;1.3927684671326246;0.6290568826657267;-0.1931238460023727;0.3612221922120479;-0.1446655411472650;0.0469922875079496;0.7922548753102231;0.9161095299836258;-0.1782112319881992;-0.9212174334658179;0.6290568826657267;1.6724454985685022;
2.3288628056695284;0.9648844305061567;0.7456982674424124;0.0454030638682087;-0.4126245994272306;-0.5718591236580129;-0.1356035010954234;1.9200417936425711;-0.3304352291061626;-0.2686098793110332;0.9648844305061567;1.6676957376388974;-0.1010326370199248;-0.0658310415473312;-0.2903359002554239;-0.3164319215338618;-1.0160825421563031;0.7903063934297496;0.3222069776394245;-0.5794571646908894;0.7456982674424124;-0.1010326370199248;1.8839795951913298;-0.6829725324802214;-0.2264407226818163;0.1152033681532330;0.7712959648941667;-0.3628891237700390;0.2157758751095438;0.8404833469625210;0.0454030638682087;-0.0658310415473312;-0.6829725324802214;2.1543362724549038;0.5865850388322613;0.0450433294414160;-0.8275945880434917;0.6761889930063091;0.4209015649092175;0.6839165201841236;-0.4126245994272306;-0.2903359002554239;-0.2264407226818163;0.5865850388322613;0.8129218255022992;0.0652121350647480;0.0747055607128190;-0.1770716852881051;-0.1740116175106763;0.6083219563695710;-0.5718591236580129;-0.3164319215338618;0.1152033681532330;0.0450433294414160;0.0652121350647480;0.5785091633594116;0.3904815086954468;-0.6614371952457064;0.4382899396786733;0.5593672322623496;-0.1356035010954234;-1.0160825421563031;0.7712959648941667;-0.8275945880434917;0.0747055607128190;0.3904815086954468;2.1284489230296604;-0.3601098461187981;0.7873897631448968;0.0544320285800016;1.9200417936425711;0.7903063934297496;-0.3628891237700390;0.6761889930063091;-0.1770716852881051;-0.6614371952457064;-0.3601098461187981;3.6693598136963610;0.1843001206626237;-1.7602877253940794;-0.3304352291061626;0.3222069776394245;0.2157758751095438;0.4209015649092175;-0.1740116175106763;0.4382899396786733;0.7873897631448968;0.1843001206626237;3.9007968990890269;-0.8180354309173958;-0.2686098793110332;-0.5794571646908894;0.8404833469625210;0.6839165201841236;0.6083219563695710;0.5593672322623496;0.0544320285800016;-1.7602877253940794;-0.8180354309173958;2.6887812185556585;
0.8703828552818872;-0.3634405811272789;0.2769125148706867;0.6342733530780942;0.6215989911438057;0.1956795613886407;0.4235269047084179;-0.4778961009064635;-0.7514200565480034;0.3962545801093172;-0.3634405811272789;1.1114756118884435;-0.4487459290364296;-0.2968725606412181;0.3641795543120230;-0.3503081719110036;0.1223576281860894;-0.0156245014069948;0.0341897533083623;-0.3861474861429434;0.2769125148706867;-0.4487459290364296;1.6238342086116069;0.7506527923458559;0.6551866977337394;-0.5533896943033513;0.7962453745339334;-0.2487796163656609;0.4270406867276805;0.3086119569313322;0.6342733530780942;-0.2968725606412181;0.7506527923458559;1.8793172922020334;0.2727561122708120;-1.0676653784122989;0.3982517002915453;-0.2029973597435819;-0.4672019061502485;0.3025399969931157;0.6215989911438057;0.3641795543120230;0.6551866977337394;0.2727561122708120;1.9910363725935485;0.3929222084450479;0.8865317529500659;-0.4896206740686061;-0.4374468615441580;0.4456730210454112;0.1956795613886407;-0.3503081719110036;-0.5533896943033513;-1.0676653784122989;0.3929222084450479;2.2208703547692195;-0.9490880756989386;-0.5033950843006787;-0.2394236281617958;0.4062805067084543;0.4235269047084179;0.1223576281860894;0.7962453745339334;0.3982517002915453;0.8865317529500659;-0.9490880756989386;1.9833919976423025;-0.0601843117336443;-0.1144866310749620;-0.0811652816629311;-0.4778961009064635;-0.0156245014069948;-0.2487796163656609;-0.2029973597435819;-0.4896206740686061;-0.5033950843006787;-0.0601843117336443;1.3335728710846728;0.5864608857650260;0.2139886360174083;-0.7514200565480034;0.0341897533083623;0.4270406867276805;-0.4672019061502485;-0.4374468615441580;-0.2394236281617958;-0.1144866310749620;0.5864608857650260;1.3319459222409931;0.0442636160104659;0.3962545801093172;-0.3861474861429434;0.3086119569313322;0.3025399969931157;0.4456730210454112;0.4062805067084543;-0.0811652816629311;0.2139886360174083;0.0442636160104659;1.1437829555647916;
1.9132391489934804;-0.5063295909157657;-0.4553767586252754;0.3538473875639955;0.0007163698200118;-0.0262054480528652;0.8276586072943525;0.2610138931118184;-0.5154672116110889;-0.5301560805857101;-0.5063295909157657;1.7663268055437149;0.3440538942010797;-0.5856469074045680;0.5882926506965276;0.4026227741239281;0.4891435342288393;0.1718382998600292;0.1450711313554362;0.0307923658030928;-0.4553767586252754;0.3440538942010797;0.9839962588121772;-0.2119420334307561;0.6235524510547696;-0.0539039189828059;-0.2081024414640417;-0.0328412270154912;0.2983300325831401;-0.7525718151643254;0.3538473875639955;-0.5856469074045680;-0.2119420334307561;1.1199773930155617;-0.5492430272834457;-0.6993054817838419;-0.1286971907239113;0.0215876371645234;-0.6282780903824142;0.0061256200636078;0.0007163698200118;0.5882926506965276;0.6235524510547696;-0.5492430272834457;1.3018406293811384;0.4668545982812418;-0.1070095308343000;0.2759016954812101;0.1412352305122354;-0.2819082792831191;-0.0262054480528652;0.4026227741239281;-0.0539039189828059;-0.6993054817838419;0.4668545982812418;2.1185797643043758;-0.8269644869376583;0.6990915363082074;-0.8287611528525578;0.1304492014838609;0.8276586072943525;0.4891435342288393;-0.2081024414640417;-0.1286971907239113;-0.1070095308343000;-0.8269644869376583;1.9191143881810413;-0.9689108005870192;0.2761337556819976;-0.7063049336204068;0.2610138931118184;0.1718382998600292;-0.0328412270154912;0.0215876371645234;0.2759016954812101;0.6990915363082074;-0.9689108005870192;1.6025750101671092;-0.0533291662693209;0.5239385177144306;-0.5154672116110889;0.1450711313554362;0.2983300325831401;-0.6282780903824142;0.1412352305122354;-0.8287611528525578;0.2761337556819976;-0.0533291662693209;1.7012360675370901;0.2799453832859254;-0.5301560805857101;0.0307923658030928;-0.7525718151643254;0.0061256200636078;-0.2819082792831191;0.1304492014838609;-0.7063049336204068;0.5239385177144306;0.2799453832859254;2.5718581464002526;
4.3294699126850533;0.1152427537056272;-0.1317987064334090;-0.9577495070819436;0.2817323045815902;-1.1401923126604869;-0.7612553537539716;-0.2588522995677279;0.2831792042805681;0.4157209749931233;0.1152427537056272;2.2745417128678240;0.0581324535095230;-1.1562603881634792;-1.1115377078001063;-0.1729018482372569;0.5108514612406846;-0.1187571858555332;-0.3795719512327854;-0.5910020375751848;-0.1317987064334090;0.0581324535095230;1.6315860138842107;-0.7276297041361681;-0.9151573401255322;0.6424238483948094;-0.4129104351113775;-1.0555281673463275;-0.0236846787811536;-0.4555636446965038;-0.9577495070819436;-1.1562603881634792;-0.7276297041361681;4.4133544436079131;0.8360521353897544;0.5119593953382152;0.3832777089423325;-1.1820151348107091;1.7363196200571542;-0.7919094953279728;0.2817323045815902;-1.1115377078001063;-0.9151573401255322;0.8360521353897544;3.2359469509332599;0.5335347814132583;-0.0762269879496545;0.1333065210484218;1.0932996911616735;0.4524042106661809;-1.1401923126604869;-0.1729018482372569;0.6424238483948094;0.5119593953382152;0.5335347814132583;3.7917141932839553;0.3930214687115855;-0.7232723651990560;0.9489023231027801;-0.9034002171655962;-0.7612553537539716;0.5108514612406846;-0.4129104351113775;0.3832777089423325;-0.0762269879496545;0.3930214687115855;1.1382896182750448;1.0222128095513623;-0.3257240887350864;0.2592563177434009;-0.2588522995677279;-0.1187571858555332;-1.0555281673463275;-1.1820151348107091;0.1333065210484218;-0.7232723651990560;1.0222128095513623;6.5538492507074251;-0.8923785783726782;1.9371169785750819;0.2831792042805681;-0.3795719512327854;-0.0236846787811536;1.7363196200571542;1.0932996911616735;0.9489023231027801;-0.3257240887350864;-0.8923785783726782;2.4261291461654655;-0.6133401572847280;0.4157209749931233;-0.5910020375751848;-0.4555636446965038;-0.7919094953279728;0.4524042106661809;-0.9034002171655962;0.2592563177434009;1.9371169785750819;-0.6133401572847280;1.8195255061999549;
1.9265549332303931;0.8180859098802745;0.5063370901890232;0.2326008428938328;-0.2022930590033648;0.1180734948982556;0.8972086047754757;-1.1816201564174267;-0.1195145729058039;0.1863246954343409;0.8180859098802745;2.6909302350192030;0.1673109789173577;-0.1249347386525568;0.3880016691039078;-0.5380998379387151;0.8983591738726744;-0.3860377928685955;-0.5837644650455559;0.6024854011233897;0.5063370901890232;0.1673109789173577;1.4761901695057056;-0.0235847586063547;-0.3841127327892937;0.2364985891874878;-0.2845864116575978;-0.5600001062252290;-0.1113401986431383;0.2521285858494005;0.2326008428938328;-0.1249347386525568;-0.0235847586063547;1.5370082210381639;1.2694016943590520;0.0344231482417080;0.9907932652530361;-0.7984346493756818;0.7029003052668984;-0.0514392966140729;-0.2022930590033648;0.3880016691039078;-0.3841127327892937;1.2694016943590520;3.0524908661477115;-0.5573281318965855;0.7305927426469739;-0.1195290786627763;0.5833947582781402;-0.2815863342609535;0.1180734948982556;-0.5380998379387151;0.2364985891874878;0.0344231482417080;-0.5573281318965855;2.0521788394047737;-0.1264805699304108;-0.7240828827011682;0.5307977981082682;-0.6870804458699745;0.8972086047754757;0.8983591738726744;-0.2845864116575978;0.9907932652530361;0.7305927426469739;-0.1264805699304108;2.3112500727109153;0.0012007275777400;0.3645489863287488;-0.5517100131614076;-1.1816201564174267;-0.3860377928685955;-0.5600001062252290;-0.7984346493756818;-0.1195290786627763;-0.7240828827011682;0.0012007275777400;3.3902011842428390;0.0460003867847910;-0.7010760317883376;-0.1195145729058039;-0.5837644650455559;-0.1113401986431383;0.7029003052668984;0.5833947582781402;0.5307977981082682;0.3645489863287488;0.0460003867847910;1.4879854871117695;-0.0763023324682276;0.1863246954343409;0.6024854011233897;0.2521285858494005;-0.0514392966140729;-0.2815863342609535;-0.6870804458699745;-0.5517100131614076;-0.7010760317883376;-0.0763023324682276;1.7639331657052122;
3.5865531789400245;-0.6511851056989340;0.8706698210440458;-1.5023707786352922;-0.3469668192769138;1.4755453662566109;-0.4200009696686416;0.3959958422406374;-0.5945887489749359;-0.1473652868536227;-0.6511851056989340;1.0513243265184877;0.5289519167408580;0.1102538196676065;-0.2977586592070110;-0.2890127160973471;0.3224679562626835;0.5462244178999736;0.1587381557404073;0.4312111657077249;0.8706698210440458;0.5289519167408580;3.1583624338257605;-1.0066690016797166;0.2942370959507875;0.5285478996264505;0.1409042353327717;0.3055312654187051;-0.5877133342016390;-0.9545618173575804;-1.5023707786352922;0.1102538196676065;-1.0066690016797166;2.6770230628817950;0.5306317500354689;-1.1443812436484122;-0.2822573847995796;0.2813062805191587;-0.2714083309531629;0.1349777268474661;-0.3469668192769138;-0.2977586592070110;0.2942370959507875;0.5306317500354689;1.3910977022750666;-0.0823277717409887;0.0709493521740756;-0.0871472875581225;-0.7617550508549267;-0.2857037203449624;1.4755453662566109;-0.2890127160973471;0.5285478996264505;-1.1443812436484122;-0.0823277717409887;1.4121081596522769;-0.0110811749526846;-0.2962279667246454;-0.1908821662568779;0.0794295755113710;-0.4200009696686416;0.3224679562626835;0.1409042353327717;-0.2822573847995796;0.0709493521740756;-0.0110811749526846;0.9640822467627159;-0.8108296891082943;0.3331976968787553;-0.1306288404391110;0.3959958422406374;0.5462244178999736;0.3055312654187051;0.2813062805191587;-0.0871472875581225;-0.2962279667246454;-0.8108296891082943;2.7528343650008940;-0.5510763314883861;1.0352133098103318;-0.5945887489749359;0.1587381557404073;-0.5877133342016390;-0.2714083309531629;-0.7617550508549267;-0.1908821662568779;0.3331976968787553;-0.5510763314883861;1.6017015106043215;-0.0468639354722976;-0.1473652868536227;0.4312111657077249;-0.9545618173575804;0.1349777268474661;-0.2857037203449624;0.0794295755113710;-0.1306288404391110;1.0352133098103318;-0.0468639354722976;1.6802375936245639;
0.6844369124260850;0.0215650632443208;0.1944528292770959;0.0418559184968830;0.5650097404776526;-0.5092541625577433;-0.0355140911368500;-0.3156648714766755;0.5312861323939850;-0.0788054267294438;0.0215650632443208;4.4193393591969290;1.1683316332317089;0.3524399612924310;-0.7836358250610792;0.1426586247369286;-0.6333241000004991;0.9227342399294963;-0.0270627651707387;1.4058049451755843;0.1944528292770959;1.1683316332317089;3.5496032673740054;-1.0560335548198285;-0.6115002140953728;-0.3358305952673205;1.2404110164264979;-0.6462347317088460;1.0042176456230358;0.6134051526909039;0.0418559184968830;0.3524399612924310;-1.0560335548198285;2.2302599486150614;0.5176072408215474;0.0894040096312769;-0.6902769047670509;-0.2285075565222807;0.8888515910586563;0.4785811379651901;0.5650097404776526;-0.7836358250610792;-0.6115002140953728;0.5176072408215474;1.8583015822348357;-0.2325062180754714;-0.1617631307804853;-0.8926033220717574;0.7357617675860537;-0.3050152416197210;-0.5092541625577433;0.1426586247369286;-0.3358305952673205;0.0894040096312769;-0.2325062180754714;1.5381797439825962;-0.4447598192353829;0.7621272148205785;-0.4255523037763704;-0.3650673204180103;-0.0355140911368500;-0.6333241000004991;1.2404110164264979;-0.6902769047670509;-0.1617631307804853;-0.4447598192353829;2.0272405237990614;-1.2544183521144541;0.3503785139983509;-0.0361130636088195;-0.3156648714766755;0.9227342399294963;-0.6462347317088460;-0.2285075565222807;-0.8926033220717574;0.7621272148205785;-1.2544183521144541;2.1440553648057521;-0.6591558091702711;0.2881943544286397;0.5312861323939850;-0.0270627651707387;1.0042176456230358;0.8888515910586563;0.7357617675860537;-0.4255523037763704;0.3503785139983509;-0.6591558091702711;1.7573575450376839;0.5519172056085195;-0.0788054267294438;1.4058049451755843;0.6134051526909039;0.4785811379651901;-0.3050152416197210;-0.3650673204180103;-0.0361130636088195;0.2881943544286397;0.5519172056085195;1.0693280769772544;
2.1647656993322135;0.1471164567950173;0.0251795094172502;-0.3619440897067379;-0.5023891963517296;0.1161151600236559;1.1478545710534713;0.0486462535585474;-0.1160456143685050;-0.6047240097710914;0.1471164567950173;2.4682176126111433;0.4239425908332294;0.5866460700423383;0.5136861007259286;0.4659964074320403;0.1005410421694401;0.5839987470432874;-0.7178455013655241;-0.0364773736580509;0.0251795094172502;0.4239425908332294;0.4443436376868619;0.2022157389999824;-0.2790898701190756;-0.1703560348383507;0.5702972761272461;-0.1529930980064216;-0.3174456147639704;0.0889036983161796;-0.3619440897067379;0.5866460700423383;0.2022157389999824;1.6344049739248294;-0.4107859842182867;0.0175426837460677;0.0203400943713854;0.1518253701291256;-0.8926148375822602;0.0234807912219802;-0.5023891963517296;0.5136861007259286;-0.2790898701190756;-0.4107859842182867;1.4091465216638364;0.6152276910862257;-1.2195790658274883;0.1240427922461297;0.5818957531476310;1.0212491547757327;0.1161151600236559;0.4659964074320403;-0.1703560348383507;0.0175426837460677;0.6152276910862257;1.2606940342759820;-0.3567974046326968;-0.2092363016480807;0.0474846789394612;0.6685768987490646;1.1478545710534713;0.1005410421694401;0.5702972761272461;0.0203400943713854;-1.2195790658274883;-0.3567974046326968;2.3227659967486636;-0.2521542274389507;-0.7799044100109004;-0.5024586013073913;0.0486462535585474;0.5839987470432874;-0.1529930980064216;0.1518253701291256;0.1240427922461297;-0.2092363016480807;-0.2521542274389507;0.7174321117781133;-0.3787236498388372;-0.8727002393326171;-0.1160456143685050;-0.7178455013655241;-0.3174456147639704;-0.8926148375822602;0.5818957531476310;0.0474846789394612;-0.7799044100109004;-0.3787236498388372;1.6970777850164698;1.0330492505056224;-0.6047240097710914;-0.0364773736580509;0.0889036983161796;0.0234807912219802;1.0212491547757327;0.6685768987490646;-0.5024586013073913;-0.8727002393326171;1.0330492505056224;2.7750157665448407;
